6 6 0 4 8 7 6 4 7 5
9 3 8 2 4 2 1 9 4 8
9 2 4 1 1 10 5 7 8 1
5 6 5 9 10 3 8 7 7 8
4 0 8 0 1 6 10 10 0 9
7 5 3 5 1 3 9 3 3 2
8 7 1 1 5 8 7 1 4 8
4 1 8 5 8 3 9 8 9 4
7 1 9 6 5 9 3 4 2 3
2 0 9 10 4 7 1 1 10 2

2 0 1 8 10 6 8 4 8 3
3 10 9 6 9 4 7 7 10 10
5 1 5 9 1 7 9 10 5 3
3 0 4 1 3 5 2 5 6 0
1 2 3 0 9 10 8 9 10 1
0 1 10 3 9 9 1 6 1 5
1 0 9 0 3 2 1 7 3 0
10 0 8 6 9 1 4 1 3 1
10 4 5 6 2 0 8 7 0 9
1 6 3 4 5 7 9 2 10 3

8 6 1 12 18 13 14 8 15 8
12 13 17 8 13 6 8 16 14 18
14 3 9 10 2 17 14 17 13 4
8 6 9 10 13 8 10 12 13 8
5 2 11 0 10 16 18 19 10 10
7 6 13 8 10 12 10 9 4 7
9 7 10 1 8 10 8 8 7 8
14 1 16 11 17 4 13 9 12 5
17 5 14 12 7 9 11 11 2 12
3 6 12 14 9 14 10 3 20 5
