6 6 0 4 8 7 6 4 7 5
9 3 8 2 4 2 1 9 4 8
9 2 4 1 1 10 5 7 8 1
5 6 5 9 10 3 8 7 7 8
4 0 8 0 1 6 10 10 0 9
7 5 3 5 1 3 9 3 3 2
8 7 1 1 5 8 7 1 4 8
4 1 8 5 8 3 9 8 9 4
7 1 9 6 5 9 3 4 2 3
2 0 9 10 4 7 1 1 10 2

2 0 1 8 10 6 8 4 8 3
3 10 9 6 9 4 7 7 10 10
5 1 5 9 1 7 9 10 5 3
3 0 4 1 3 5 2 5 6 0
1 2 3 0 9 10 8 9 10 1
0 1 10 3 9 9 1 6 1 5
1 0 9 0 3 2 1 7 3 0
10 0 8 6 9 1 4 1 3 1
10 4 5 6 2 0 8 7 0 9
1 6 3 4 5 7 9 2 10 3

171 141 306 195 354 274 292 305 299 203
216 112 241 280 317 257 344 255 306 164
204 74 298 245 313 219 248 264 184 192
246 164 367 255 394 340 392 393 407 209
168 70 304 218 276 237 249 239 238 104
131 82 246 171 239 180 202 236 220 132
115 153 290 202 342 281 287 283 307 203
257 97 329 242 308 270 337 360 286 170
151 64 268 224 296 301 267 299 257 139
196 76 242 202 200 245 259 308 194 169
