6 6 0 4 8 7 6 4 7 5
9 3 8 2 4 2 1 9 4 8
9 2 4 1 1 10 5 7 8 1
5 6 5 9 10 3 8 7 7 8
4 0 8 0 1 6 10 10 0 9
7 5 3 5 1 3 9 3 3 2
8 7 1 1 5 8 7 1 4 8
4 1 8 5 8 3 9 8 9 4
7 1 9 6 5 9 3 4 2 3
2 0 9 10 4 7 1 1 10 2

2 0 1 8 10 6 8 4 8 3
3 10 9 6 9 4 7 7 10 10
5 1 5 9 1 7 9 10 5 3
3 0 4 1 3 5 2 5 6 0
1 2 3 0 9 10 8 9 10 1
0 1 10 3 9 9 1 6 1 5
1 0 9 0 3 2 1 7 3 0
10 0 8 6 9 1 4 1 3 1
10 4 5 6 2 0 8 7 0 9
1 6 3 4 5 7 9 2 10 3

12 0 0 32 80 42 48 16 56 15
27 30 72 12 36 8 7 63 40 80
45 2 20 9 1 70 45 70 40 3
15 0 20 9 30 15 16 35 42 0
4 0 24 0 9 60 80 90 0 9
0 5 30 15 9 27 9 18 3 10
8 0 9 0 15 16 7 7 12 0
40 0 64 30 72 3 36 8 27 4
70 4 45 36 10 0 24 28 0 27
2 0 27 40 20 49 9 2 100 6
